0 6.3392173911684595e-17 -2.8406456926550266e-18 -0.0024443822164580504
1 0.00098511090657096151 -1.5262708854852167e-05 -0.18167173192879552
2 0.0057737272369123094 -0.0012157387192654801 -0.46289956643410041
3 0.025477149992112435 -0.021318862323044214 -1.3069567335609626
4 -0.0091894270158837769 -0.097149463582379025 -3.1226598527701035
5 0.058144756926376766 -0.078157150360348301 -3.2318143204296006
6 0.062594583485688388 -0.065676644217469687 -3.2381553596273625
7 0.093179954690592232 -0.046360451643402682 -3.3684595153774546
8 0.025853381919752904 -0.0075815656725974631 -3.4730831968017175
9 -0.12988694052133434 0.06368191074285047 -3.4440718478025096
10 -0.12342321225086839 0.081716954866641656 -3.4414011687303181
11 -0.28373062223558604 0.12352487721821474 -3.2195289247352554
12 0.022521673700310732 0.13571869683727833 -3.3455990167217204
13 0.14431667379969795 0.11336729608774074 -3.2298243835938618
14 0.56617140707345326 0.11853895702817738 -3.375418069477631
15 0.89004367256012695 0.11798525018467888 -3.6419807150818451
16 0.46081835270555077 0.32216048250638568 -3.3765153811745967
17 1.0016069808195951 0.17950774697765087 -3.1853893694102324
18 1.9982816080516388 0.17019129053965334 -3.2121150821824531
19 2.1106380174415382 0.17341968201076208 -3.1806430837894735
20 2.4974093953131673 0.25851994850610377 -3.5269361445382215
21 1.8345151744017421 0.43011082395054745 -3.1372995365177321
22 2.598371429254152 0.42393182225254439 -3.0348452454834671
23 3.5414210569070108 0.52085000826221217 -2.9657239723226216
24 4.6901846428837866 0.83409788094820225 -3.2907377075402855
25 4.7062799975928638 1.0293333201072927 -3.9373557914464707
26 3.9812371177804482 1.8806580635371317 -4.1786966493696349
27 3.1990352676224041 3.0207123204994315 -3.9324816667638007
28 2.1481266967890091 3.6515294601563935 -3.0833606356168932
29 1.5175852786094737 2.9212204031709281 -0.9410003335284165
30 2.733569756437952 2.8077209423354872 1.5214820830431919
31 2.0225520706128091 3.5998966062915363 3.7568566324574455
32 0.67302758735605761 2.7813248341639341 3.7535824858348956
33 0.66909030408410564 2.7826156817769432 3.7546891554116186
34 0.23941582018089946 2.4579399684253338 3.7296019368957203
35 0.23912118590419795 2.460357844458438 3.7302722215885735
36 -0.056453727531453057 2.2165942685718303 3.8960533769314889
37 -1.2312905440874764 1.2392334686968618 3.9602549029326619
38 -3.1912160603188608 -0.41356241724031517 3.9190830300477297
39 -4.1212367620246164 -0.91484413366517181 3.2349204611071194
40 -6.5096272731744698 -1.4942516486247206 3.7249556489834386
41 -8.9732356231684491 -2.7780192457815716 3.7994395537252021
42 -8.9969236739730309 -2.7496073878177674 3.8119259883514589
43 -9.0018828228497227 -2.8142125839599665 3.8802064393692959
44 -7.5886315355021861 -1.9209921244262815 3.9895276567412137
45 -6.5244618129043879 -1.0581273999647285 4.0155041132425664
46 -7.3622788377215711 -1.8561756016703266 4.0364196408641542
47 -7.1234911451624772 -1.5374482731347119 3.6160583675882441
48 -7.910265301616981 -2.0196864548355515 4.1582925384652771
49 -7.2900471504387507 -1.3039247392404574 4.0771223066917965
50 -7.1024001586242731 -1.0681980186356683 3.7912924089024713
51 -7.5494232551023517 -1.4068017411594032 4.1670535237290451
52 -7.6158093415626791 -1.4775760698249241 4.174604161890362
53 -7.6078065381936382 -1.44946109359619 4.1567519148120962
54 -7.5883248545456885 -1.3759412315195483 3.9927546675485894
55 -7.886759155565219 -1.6059209712256495 4.1273244288284205
56 -7.8858805636786959 -1.5685060283171166 4.1757137118109338
57 -7.7831442359478089 -1.4131642222049006 4.178506432254804
58 -7.6956634434059712 -1.2766070558583587 4.1797516390181482
59 -7.6547860424525078 -1.1808968517494545 4.2040225641787616
60 -7.6465926670120963 -1.1125425203182215 4.2234585301503795
61 -7.6638946025585675 -1.078868101442819 4.2284815563379752
62 -7.6743830119617051 -1.0484203319522161 4.2290337771899233
63 -7.6882029089136639 -1.0214232022821845 4.2294820350504025
64 -7.6970542889780518 -0.99844592394872311 4.2325191985148738
65 -7.6864900936781542 -0.96362342517953103 4.2371973029584122
66 -7.5827603027730683 -0.8306304997954399 4.2603444593650908
67 -7.5081811205671745 -0.72835733171493255 4.2831466433375835
68 -7.2884026053187112 -0.4469738483666692 4.1429269464995961
69 -7.2280093875936124 -0.39624738231408785 4.135736283370802
70 -7.4865085442911514 -0.68336665435796595 4.0900878204499218
71 -7.8068056220940143 -1.0670709626429824 4.2525648013827073
72 -7.7623670437572976 -1.1121316412808828 4.2521471924746734
73 -6.7067098944554662 0.0012508071708028368 4.199780040230932
74 -6.2416818471056548 0.2893551831075305 4.1757573073360952
75 -5.6145426477926978 0.45440726639450801 4.1878963716611119
76 -5.6062372027046692 0.45335749617097143 4.1867110868241495
77 -5.4237471783286306 0.28500074827846866 4.292320066297437
78 -5.9333124181201038 -0.42340711955808175 4.2870740620904959
79 -6.2296222726856971 -1.0570741801547552 4.4865603577176021
80 -6.5135248366311238 -1.8978588624950419 4.6488289948063093
81 -6.7147741690460547 -2.7168040573612817 4.7276640307079738
82 -6.8825740295621243 -3.6718861372488316 4.7403363096929381
83 -6.8587306047111536 -4.482811790075349 4.8774615649478452
84 -6.7734660321174065 -5.2350137030985771 4.9497613334122486
85 -6.6060759982496311 -6.0382440580198811 4.995042897793522
86 -6.4512641798520889 -6.7723565954979605 4.9834934909599218
87 -6.2478076399714517 -7.5563686953859435 5.0307714887982442
88 -6.0244241396435747 -8.2612680474107432 5.1029197614319264
89 -5.7439005583615987 -8.9998657894116985 5.0725865362242404
90 -5.5162675850791114 -9.7122193783781245 5.039118051898769
91 -5.2763016932657472 -10.482178640106838 5.0057008232489926
92 -5.0976482967428165 -11.116293671122282 4.9146401053644881
93 -5.0978687938514167 -11.115937578318718 4.9141678500660602
94 -5.0124118649430525 -11.89609583410726 4.7182619249584876
95 -5.0632050321165867 -12.651356616332567 4.5584114473990072
96 -5.218304873482742 -13.359524967251884 4.4518304271318003
97 -5.7195900676916054 -14.371235673263891 4.4532802523835677
98 -5.7200439155255136 -14.371816609232347 4.4535895723103707
99 -7.0639485341626731 -14.885307761296367 4.0676316275213296
