0 9.7531493349911405e-10 8.5452652532562396e-08 -0.002440301556368491
1 0.00097008364020914584 -1.0763906706867446e-05 -0.18161684910953649
2 0.0057273031999789895 -0.0012026280053650292 -0.46276509950777994
3 0.025321616574146034 -0.021245487277664211 -1.3065836536132047
4 -0.0093554462622265841 -0.09692042107192067 -3.1217679214688125
5 0.057788329264790175 -0.077877452100160713 -3.2309166044397535
6 0.062224279113805507 -0.065392420346920901 -3.2372600122328539
7 0.092540507522753265 -0.046030775681667704 -3.3675646124714076
8 0.024900655849052513 -0.007247810977759445 -3.472180756811019
9 -0.13117919578834467 0.063960270238439393 -3.4431641869585126
10 -0.12473270068000296 0.082002520926275274 -3.4404916004467396
11 -0.28549269984633224 0.1237829346172838 -3.2186377601171197
12 0.020533131916151533 0.13626306662635887 -3.3446933021044769
13 0.14204135595448478 0.11403983735071513 -3.2289308443612765
14 0.56388328981073821 0.11959968774228991 -3.3746052398904376
15 0.88793201341534211 0.11937013542298369 -3.6410978332820303
16 0.4586866831669737 0.32306235832344821 -3.375681073480171
17 0.99969501014242002 0.18095495838083286 -3.1845052600032591
18 1.9964258136139055 0.17247647129901189 -3.2112735978246776
19 2.108644718744126 0.17583590469712529 -3.1798400877141937
20 2.4949530451102038 0.26126807376928862 -3.5257059065853902
21 1.8315913702825997 0.43235340901237124 -3.1365689875979008
22 2.5945456345191786 0.42708600466234081 -3.0342451248758091
23 3.5359879768882387 0.52516297701747461 -2.9653163551156552
24 4.6819260136401839 0.83977497796356393 -3.2897511149910694
25 4.692127188128933 1.0351190956073224 -3.9344517459772983
26 3.9617081231780746 1.889258603701448 -4.1752193667462949
27 3.1764951054998449 3.032711887926189 -3.9307838676943785
28 2.1226993112763366 3.6670864145165094 -3.0863677930134488
29 1.4921308274899494 2.9382816529700881 -0.94263319830061798
30 2.7044889773162035 2.8294208268044163 1.521956013092288
31 1.9921979563155603 3.6201112687577726 3.7590805000900249
32 0.64368788833079338 2.7983045764277406 3.7557910446161507
33 0.63972037588289354 2.7995095241479184 3.7568995613321583
34 0.21078227744323738 2.4739418078434916 3.7318722652781133
35 0.21051886014177734 2.4761057172458445 3.7325444471013585
36 -0.084722441838769563 2.2316652782678812 3.8982343513783597
37 -1.2574581728717775 1.2517424743116567 3.9624391999902544
38 -3.2132279572718638 -0.40545040246285413 3.921360984205017
39 -4.1419098864696915 -0.90852232939555644 3.2373424128134247
40 -6.5294430726903725 -1.4929274661657106 3.7272343246405386
41 -8.9904441463552551 -2.7826278645319471 3.8017430240162593
42 -9.0141184658362246 -2.7544256454854219 3.8142222599254172
43 -9.0189546183592171 -2.8190930860068883 3.8825030696164635
44 -7.60777513545567 -1.9224447809603706 3.9917352510988588
45 -6.5457250694465747 -1.0573056802465661 4.0177005161154753
46 -7.3818649605216953 -1.8573293259299299 4.0387208875327563
47 -7.1434507312041564 -1.5377258294941494 3.6186545952144717
48 -7.9294146322020627 -2.0219991068850627 4.1605685374943002
49 -7.3106016472747797 -1.3043834295790091 4.0793608209002272
50 -7.123541800933114 -1.0680473173637879 3.7937560325649633
51 -7.5698387410457055 -1.4077428629921136 4.1692715772507336
52 -7.6362119450558259 -1.4787306670422715 4.1767913402717491
53 -7.6284476478086907 -1.450751232967288 4.1589062691891652
54 -7.6092171507090667 -1.3772561210465506 3.9949763250983708
55 -7.9073342792981611 -1.6080129175747002 4.1294183827652642
56 -7.9066251994402252 -1.5707864659920887 4.17779109709873
57 -7.8041853972344084 -1.4151596062620364 4.1805548686027745
58 -7.7169982534258743 -1.2783834799075007 4.181808985673273
59 -7.6764730045766996 -1.1826612486837946 4.2060607286815062
60 -7.6683372808609374 -1.1143061280396858 4.225485339681609
61 -7.6857895070246816 -1.0807091312247252 4.2305060402302219
62 -7.6963498707101934 -1.0503050508432608 4.2310555742508296
63 -7.710130464308909 -1.0233468744206524 4.2315044082723912
64 -7.7192394161186373 -1.0005085422232634 4.2345404938764881
65 -7.7086467503109031 -0.96561999774466334 4.2392144381783945
66 -7.6051844735589658 -0.83246388087999201 4.2623456854583459
67 -7.5307220368832937 -0.7298217169262684 4.2851764435791804
68 -7.3116048917611138 -0.44772345440224037 4.1451254605729702
69 -7.2513761016177227 -0.39679881216420254 4.1379176540664035
70 -7.5089325293907585 -0.68423357846919941 4.092344840365433
71 -7.8282796416828591 -1.0684340456156849 4.2546748240836347
72 -7.7836739403950386 -1.1134353949965448 4.2542124187542267
73 -6.7310170390288313 0.0033836082781566468 4.2017155941261413
74 -6.2664624548797914 0.2934146114574272 4.1773797695014423
75 -5.639095291514554 0.46164018909160642 4.1894354373456046
76 -5.6306780337409119 0.46048266683389993 4.1882478691709348
77 -5.4470653344628914 0.29418691023955645 4.2933789720754163
78 -5.9563073535258937 -0.41577084805764741 4.2886261087653228
79 -6.2519446655320348 -1.0498867629790301 4.4871165751154027
80 -6.5348899579784216 -1.8908672836560587 4.6488918829756809
81 -6.7349371842532975 -2.7094555164018921 4.7280627435368157
82 -6.9006652863326554 -3.6643727264823394 4.7420136739104075
83 -6.8754389324946903 -4.4750006070987762 4.8786796403163732
84 -6.7887100849170672 -5.2264895216006657 4.9514536651335384
85 -6.6199934677350498 -6.0288704823499391 4.9962056376911956
86 -6.4640950581962997 -6.7623652693845955 4.9852192474654267
87 -6.2590532088254704 -7.5456216635247984 5.0325001945535144
88 -6.0346529784655036 -8.2499512576105847 5.1046359621736856
89 -5.7527658635152896 -8.9874382827090944 5.0743265043812693
90 -5.5239865262982413 -9.6991516967519864 5.0408376984238457
91 -5.2824112085068204 -10.468320833778396 5.0074920119019239
92 -5.1029863809881419 -11.101902617855687 4.9164110755881216
93 -5.1030133668669091 -11.101399442861855 4.9159346474715973
94 -5.0155565143847163 -11.880776309488962 4.7211415854425844
95 -5.0639196464604783 -12.635767503891916 4.5612674129055586
96 -5.2169187291550685 -13.343469888999797 4.4536590133556428
97 -5.7140861189134888 -14.35417762429875 4.4537844723586382
98 -5.7148116833187572 -14.354464350998661 4.4540991311865525
99 -7.0565805092845437 -14.871060087468193 4.0695240835917996
