0 1.5938990308299718e-08 7.8861979512887659e-08 -0.0024403970793106162
1 0.000965302943100601 -8.6891050950513318e-06 -0.18163817559508982
2 0.0057125083375046569 -0.0011974059437648297 -0.46281956441768529
3 0.025263569242681333 -0.02122272256567196 -1.3067382170216157
4 -0.0094529667333330264 -0.096828400353022023 -3.122135302803656
5 0.057661603165161175 -0.077816277601165523 -3.2312992634366364
6 0.062097657888961294 -0.065323941780575823 -3.2376394947759843
7 0.092361048764396853 -0.045972244880512256 -3.3679521234726821
8 0.024632964439090382 -0.0071391197464924245 -3.4725697932310196
9 -0.13151250143111118 0.064171780709521259 -3.4435542422687324
10 -0.12507453155715845 0.08220982575502736 -3.4408821485465446
11 -0.28600363992575423 0.12411304065042769 -3.2190192506157049
12 0.019905059868289235 0.13645580728525714 -3.3450831056654318
13 0.14130104051419112 0.11422451605213919 -3.2293073882674643
14 0.5630769729763283 0.11958665621488933 -3.3750408569818888
15 0.88727985758295258 0.11925182447321986 -3.6415310597907049
16 0.45813030291245715 0.32315065071816401 -3.3761193204456981
17 0.99910520299896466 0.18088045000219929 -3.1848922628626712
18 1.9960652450363676 0.17204126032443146 -3.2116890546721755
19 2.1083142511405581 0.17540725823670106 -3.1802616087770854
20 2.4945597732840925 0.26070776383629979 -3.5259546515528863
21 1.8308512807150343 0.4321847258364957 -3.1370535354919524
22 2.5933407265115926 0.42678778053778976 -3.0347835758744037
23 3.5342598206344484 0.52476606570997664 -2.9659411835565659
24 4.6794829233998279 0.83927525008468162 -3.2902565332842695
25 4.6881073889348146 1.0348694995719829 -3.9340637677020727
26 3.956264929149262 1.8902677847409148 -4.1745670519269655
27 3.1709759574122911 3.0354844151908695 -3.9307826682933551
28 2.1162216963696632 3.6719158808295038 -3.088229232043469
29 1.4853183841724531 2.9442162696808296 -0.94430556378126496
30 2.6961801476108884 2.8359578993860692 1.520698193829048
31 1.9848318398239015 3.627245049781497 3.7581256778700145
32 0.63541302003078481 2.8064172711494964 3.7548299446241908
33 0.63132760202023941 2.8075958441642372 3.7559408370841298
34 0.20209940833841719 2.4824860286787631 3.7309760187814178
35 0.2017501899242804 2.48487880136754 3.7316444681501144
36 -0.093742218641541419 2.2404382195155854 3.8972662244305489
37 -1.2673355876588321 1.2614890811294641 3.9614597826988236
38 -3.2253721479930166 -0.39393896052745314 3.9203804796234172
39 -4.1540759013285564 -0.89639108564769487 3.2363556666744011
40 -6.5421817318723194 -1.4788606517960352 3.7262067031124215
41 -9.004266380846687 -2.7662300106464057 3.8007113678707407
42 -9.0279489025239439 -2.7377523811224402 3.8131890558831785
43 -9.032989075342936 -2.8022929393287836 3.8814592911965233
44 -7.6208779681942005 -1.9068949807500273 3.9907349234879863
45 -6.5580598037223421 -1.0426643124646695 4.0166814496099033
46 -7.3948776973147172 -1.8420992587727285 4.0376427317235413
47 -7.1565871962548462 -1.5228762153968514 3.6176369350996174
48 -7.9427318090327503 -2.0061256612456422 4.1594823818479263
49 -7.3234261063963215 -1.2892715138905091 4.0782708302405162
50 -7.1361404893611793 -1.0531109816515687 3.7926957674344983
51 -7.5828046721912026 -1.3924761333612403 4.1681752447104667
52 -7.6491308782405314 -1.4632532431553917 4.175701226794752
53 -7.6412003345770199 -1.435300236600894 4.1578127497698665
54 -7.6220148854988121 -1.3617155515780097 3.9938963872311923
55 -7.9201932751985522 -1.5920823432380313 4.1283379906646491
56 -7.9194138348715608 -1.5547471430182132 4.1767138102727932
57 -7.8170559297916125 -1.399210684513688 4.1794849009322306
58 -7.7298301022217322 -1.262589604620532 4.1807389208121304
59 -7.6890805535199389 -1.167039029693874 4.2049940558679655
60 -7.6809267313874861 -1.0985169533814092 4.2244108387896926
61 -7.6982934881005338 -1.065012464606883 4.2294354347701875
62 -7.7088149159216099 -1.0343994505345733 4.2299837078665528
63 -7.7224693693403399 -1.0075527135855593 4.2304316870020644
64 -7.7314944486798982 -0.98464749715082855 4.2334677735108137
65 -7.7208703882791658 -0.94985857952548769 4.2381444402983259
66 -7.6173496952474675 -0.81676992887738997 4.2612627351788674
67 -7.5428775211315875 -0.7141970839359546 4.2840997883729433
68 -7.3234854442165052 -0.43241065143265245 4.1439820466400716
69 -7.2631091630938212 -0.38138450549189995 4.1367696869222179
70 -7.5213468330713971 -0.66878755312832694 4.0912177091906976
71 -7.8407709648803534 -1.0528130066119012 4.2535393735767961
72 -7.7966506884091942 -1.0977588375861704 4.2530589034059414
73 -6.7424885876433871 0.018228080754724818 4.200514001065649
74 -6.2774735315579226 0.30800815386813429 4.1760775582673855
75 -5.6501959840469285 0.47574107856195713 4.1881552230784784
76 -5.6417317698878762 0.47447205785062874 4.1869672326270022
77 -5.4582072751080908 0.3081399610888651 4.2921045307628081
78 -5.9683596451902057 -0.40122255015296382 4.2873363922011514
79 -6.2650039149268952 -1.0349743991655522 4.4856383513175722
80 -6.5489110741930503 -1.8754669554441374 4.6473621344604794
81 -6.7498026032199974 -2.6937055927714955 4.7265467028932413
82 -6.9167470587661244 -3.6481795414592444 4.7407051267548237
83 -6.892299470714411 -4.458769587023518 4.8773229953678365
84 -6.8066940284306092 -5.2102267758888949 4.950158430946022
85 -6.639043471073391 -6.0127506436751954 4.9949102280569662
86 -6.4838878263134809 -6.7463680215864699 4.983908550392659
87 -6.2804173369386493 -7.5298967169559425 5.0311935180455221
88 -6.0563338195017131 -8.2343529803022122 5.1033271852866626
89 -5.7755286436084461 -8.9724282521467966 5.0730156187908886
90 -5.5473862396600531 -9.6843719954012162 5.0395435820383527
91 -5.3073190855415575 -10.453746643124422 5.0061760340469981
92 -5.1287089487777351 -11.087409913841823 4.9151023694748508
93 -5.1282536806994194 -11.087267916723878 4.9146228276454869
94 -5.0421884565389661 -11.866896661309257 4.7194777820834792
95 -5.0920777120059029 -12.622120303804685 4.5593880809994491
96 -5.2469414649962545 -13.330201518617123 4.4517334829180202
97 -5.7470653282084996 -14.340726225566264 4.4525864439018505
98 -5.747294475319336 -14.341238902639363 4.452877440106465
99 -7.0898641841005841 -14.855772499125266 4.0677962617242098
