0 -1.0431335795146879e-07 3.1355391172382951e-08 -0.0006663030362688005
1 0.0010473305592313409 7.3925184551626444e-06 -0.029919518157839775
2 0.0034827664494514465 -0.00014812660811003298 -0.075820773839950562
3 0.030481746420264244 -0.0021981219761073589 -0.2136479914188385
4 0.026240402832627296 -0.015996038913726807 -0.51006019115447998
5 0.046805474907159805 -0.046352818608283997 -0.65898329019546509
6 0.045501228421926498 -0.047020696103572845 -0.66806799173355103
7 0.12632735073566437 -0.014193177223205566 -0.87272363901138306
8 0.2209029495716095 -0.13061830401420593 -1.1380395889282227
9 2.3394160270690918 -2.3468384742736816 -1.1590631008148193
10 2.3396115303039551 -2.3465578556060791 -1.1642355918884277
11 -4.1581888198852539 -2.5870351791381836 -0.96280062198638916
12 -4.1210060119628906 -2.6082031726837158 -0.93744778633117676
13 -4.0561504364013672 -2.7469298839569092 -0.98534131050109863
14 -4.0330109596252441 -0.73204368352890015 -0.95603346824645996
15 -4.1241474151611328 -1.2302999496459961 -1.0807442665100098
16 -4.2936458587646484 -1.2017500400543213 -0.95224398374557495
17 -4.4522438049316406 -1.1724784374237061 -0.88559484481811523
18 -4.6543407440185547 -1.0932248830795288 -0.91014814376831055
19 -4.7311391830444336 -1.1686891317367554 -0.8903505802154541
20 -4.8660664558410645 -1.2326308488845825 -0.93438106775283813
21 -4.8819456100463867 -1.27638840675354 -0.8392103910446167
22 -5.1207537651062012 -1.3386582136154175 -0.81480497121810913
23 -5.391289234161377 -1.4438140392303467 -0.84803098440170288
24 -5.8168787956237793 -1.7182223796844482 -1.2223271131515503
25 -5.6506528854370117 -2.3726601600646973 -1.3765546083450317
26 -5.5372200012207031 -3.0793640613555908 -1.4546204805374146
27 -5.4340882301330566 -3.7473134994506836 -1.4198930263519287
28 -5.2732939720153809 -4.459993839263916 -1.246502161026001
29 -4.7419629096984863 -5.0713796615600586 -0.50801974534988403
30 -3.9533500671386719 -5.130579948425293 0.34045332670211792
31 -3.4281558990478516 -4.6479268074035645 1.1119453907012939
32 -2.8228940963745117 -3.5373239517211914 1.112579345703125
33 -2.8204891681671143 -3.5369155406951904 1.1131229400634766
34 -2.3683381080627441 -2.764873743057251 0.98601430654525757
35 -2.3648526668548584 -2.7676362991333008 0.98663842678070068
36 -2.0182323455810547 -2.0966277122497559 1.2283248901367188
37 -1.4499506950378418 -0.7023468017578125 1.2873564958572388
38 -0.71054244041442871 1.1111373901367188 1.1553071737289429
39 0.14270782470703125 2.4239935874938965 0.65202832221984863
40 1.7507820129394531 3.9564008712768555 1.0223346948623657
41 2.7458395957946777 5.3441662788391113 1.0705420970916748
42 2.768707275390625 5.3319091796875 1.0793954133987427
43 2.85955810546875 5.5579142570495605 1.1481760740280151
44 2.4112482070922852 4.937739372253418 1.2307237386703491
45 2.0381784439086914 4.2778286933898926 1.2359304428100586
46 2.220728874206543 4.764338493347168 1.3120150566101074
47 2.1395196914672852 4.5146694183349609 1.0343930721282959
48 2.3423528671264648 4.9357995986938477 1.4439013004302979
49 2.1329736709594727 4.3059000968933105 1.3719135522842407
50 2.1168794631958008 4.258176326751709 1.1950223445892334
51 2.1691584587097168 4.4409685134887695 1.4732732772827148
52 2.1723423004150391 4.5266270637512207 1.4771779775619507
53 2.1368808746337891 4.4795951843261719 1.4682332277297974
54 2.1211423873901367 4.4765291213989258 1.4297751188278198
55 2.133732795715332 4.5464663505554199 1.4764533042907715
56 2.1201214790344238 4.5264120101928711 1.5213067531585693
57 2.0808515548706055 4.4022030830383301 1.5191010236740112
58 2.0525870323181152 4.3028450012207031 1.5809835195541382
59 2.1373648643493652 4.2829494476318359 1.6800041198730469
60 2.4127559661865234 4.1169528961181641 1.5455396175384521
61 2.4272012710571289 4.1054034233093262 1.5497385263442993
62 2.4364352226257324 4.0928254127502441 1.5489199161529541
63 2.4465789794921875 4.0829763412475586 1.5487822294235229
64 2.4541482925415039 4.072962760925293 1.5505448579788208
65 2.4553184509277344 4.0453615188598633 1.5632047653198242
66 2.4305448532104492 3.9733991622924805 1.5651679039001465
67 2.4131250381469727 3.9426465034484863 1.5674276351928711
68 2.3502779006958008 3.8031868934631348 1.4848995208740234
69 2.3153500556945801 3.7717194557189941 1.4840793609619141
70 2.324859619140625 3.9194540977478027 1.5327407121658325
71 2.3125052452087402 4.0946440696716309 1.6035876274108887
72 2.2323946952819824 4.186798095703125 1.5896108150482178
73 1.9076929092407227 3.5144009590148926 1.6018500328063965
74 1.6592388153076172 3.2857933044433594 1.6299129724502563
75 1.2094316482543945 3.0365395545959473 1.6480509042739868
76 1.203373908996582 3.0339288711547852 1.6472004652023315
77 0.95909547805786133 3.224362850189209 1.7852644920349121
78 0.95702266693115234 4.0276126861572266 1.7508751153945923
79 0.86986064910888672 4.7211856842041016 1.8911851644515991
80 0.68107509613037109 5.5708599090576172 2.0274920463562012
81 0.42959022521972656 6.3463573455810547 2.1246438026428223
82 0.054210662841796875 7.2044334411621094 2.2072300910949707
83 -0.42067241668701172 7.909672737121582 2.32602858543396
84 -0.91547584533691406 8.5174646377563477 2.4170727729797363
85 -1.5084915161132812 9.1106300354003906 2.4430949687957764
86 -2.0546340942382812 9.6566429138183594 2.4536380767822266
87 -2.6668577194213867 10.183117866516113 2.503654956817627
88 -3.2029361724853516 10.884056091308594 2.5885517597198486
89 -3.8812799453735352 11.335212707519531 2.5592386722564697
90 -4.4938535690307617 11.802776336669922 2.5283033847808838
91 -5.1796855926513672 12.360788345336914 2.4937026500701904
92 -5.7370796203613281 12.829453468322754 2.3990120887756348
93 -5.7373819351196289 12.829043388366699 2.3984344005584717
94 -6.3238239288330078 13.456674575805664 2.2960577011108398
95 -6.8419904708862305 14.149003982543945 2.1840054988861084
96 -7.2311305999755859 14.893661499023438 2.0808050632476807
97 -7.4790287017822266 16.054452896118164 2.0629768371582031
98 -7.4791040420532227 16.054843902587891 2.0631930828094482
99 -6.5731868743896484 17.397451400756836 1.8910117149353027
