0 -1.1634844838449827e-17 -8.0887266350419398e-17 -0.0024443822188192996
1 0.00098511090656650392 -1.5262728075960606e-05 -0.18167173289047395
2 0.0057737271330019942 -0.0012157392179795983 -0.46289956890102552
3 0.025477150096140933 -0.021318864180888564 -1.3069567405452442
4 -0.0091894272171017533 -0.097149465227184761 -3.122659869471986
5 0.058144765460265348 -0.078157150696672298 -3.2318143362978282
6 0.062594592307494992 -0.065676644497079856 -3.2381553754531076
7 0.09317997148877244 -0.046360452269365811 -3.3684595296365321
8 0.025853398016509051 -0.0075815665325605058 -3.4730832070681927
9 -0.12988694062905953 0.063681915175171938 -3.4440718548723073
10 -0.12342321189631258 0.081716959394175476 -3.4414011746770798
11 -0.28373066402730029 0.12352487602978776 -3.2195289441536126
12 0.022521685584818686 0.13571870684209184 -3.3455991116476667
13 0.14431657005949988 0.11336733114080604 -3.2298244068948221
14 0.56617135501314053 0.1185389418136627 -3.3754180801268521
15 0.89004359377176467 0.11798523116706591 -3.6419807276242122
16 0.46081827717289703 0.32216046889540517 -3.3765153944719439
17 1.0016068787723296 0.17950772669115855 -3.1853893882086752
18 1.9982814872651731 0.17019125766083704 -3.2121150993597634
19 2.1106379029695814 0.17341964673802168 -3.1806430995055099
20 2.4974092855266523 0.25851990497037858 -3.5269361632619609
21 1.8345150719076486 0.43011078975830808 -3.1372995511299604
22 2.5983713313381012 0.42393176998383209 -3.0348452591976689
23 3.5414209653219944 0.52084993287589776 -2.9657239850854964
24 4.6901845611458644 0.83409777690383458 -3.2907377246994503
25 4.7062799321869839 1.0293332178878885 -3.9373558079133715
26 3.9812370674512607 1.8806579717831957 -4.1786966643919374
27 3.1990352342787665 3.0207122493966962 -3.9324816797287996
28 2.1481266653315312 3.6515294137456826 -3.083360645207105
29 1.5175852334292934 2.9212203621260513 -0.94100034021741463
30 2.7335697145376447 2.8077208880176596 1.52148207968958
31 2.0225520306717044 3.5998965570350694 3.7568566321306847
32 0.67302754717987734 2.7813247853581382 3.7535824855146762
33 0.66909026390747628 2.7826156329736027 3.7546891550921386
34 0.23941577992959984 2.4579399197836098 3.7296019365664486
35 0.23912114565352802 2.4603577958172069 3.7302722212593062
36 -0.05645376784592987 2.2165942200287829 3.8960533766112388
37 -1.2312905847200204 1.2392334205106481 3.9602549026115366
38 -3.1912161014838309 -0.41356246485938741 3.9190830297398862
39 -4.1212368032622351 -0.91484418093117026 3.2349204607636493
40 -6.5096273145872336 -1.4942516952142786 3.7249556486771023
41 -8.9732356650090033 -2.7780192917369009 3.7994395534221335
42 -8.9969237158051278 -2.7496074337701901 3.8119259880472538
43 -9.0018828647311739 -2.8142126299062462 3.8802064390615261
44 -7.5886315771557538 -1.9209921707146671 3.9895276564053308
45 -6.5244618544049064 -1.0581274465798001 4.015504112905778
46 -7.362278879432588 -1.856175648016001 4.0364196405440289
47 -7.1234911866994857 -1.5374483194613051 3.6160583673154525
48 -7.9102653434309751 -2.0196865009907725 4.1582925381338613
49 -7.2900471920356358 -1.3039247855104477 4.0771223063545126
50 -7.1024002001116813 -1.0681980649102449 3.7912924086378665
51 -7.5494232967787491 -1.4068017873799938 4.1670535233817745
52 -7.6158093834683775 -1.4775761162311869 4.1746041614947575
53 -7.607806580298285 -1.4494611401876003 4.1567519143730074
54 -7.5883248967793957 -1.3759412783786229 3.9927546676656878
55 -7.8867591970764712 -1.6059210175077372 4.127324428470601
56 -7.8858806052086052 -1.568506074608025 4.1757137114432945
57 -7.7831442775233253 -1.413164268589947 4.1785064318599412
58 -7.6956634848846814 -1.2766071021302527 4.1797516377357908
59 -7.6547860839899187 -1.1808968980293688 4.2040225639989055
60 -7.6465927085464944 -1.1125425667076858 4.2234585297678375
61 -7.6638946440798623 -1.0788681478310158 4.2284815559496982
62 -7.674383053471777 -1.0484203783417567 4.2290337767999509
63 -7.6882029504124176 -1.021423248672003 4.2294820346617055
64 -7.697054330464888 -0.99844597034206251 4.2325191981269228
65 -7.6864901351452666 -0.96362347157573591 4.2371973026166003
66 -7.5827603442314118 -0.83063054623931221 4.2603444589704846
67 -7.5081811619891408 -0.72835737817425472 4.2831466429432936
68 -7.2884026465611704 -0.44697389482755678 4.1429269461685578
69 -7.2280094287989254 -0.39624742877608576 4.1357362830374376
70 -7.4865085855823583 -0.68336670065107086 4.0900878194735881
71 -7.8068056633958136 -1.0670710083679853 4.2525648011014257
72 -7.7623670853295303 -1.112131687336031 4.2521471920976905
73 -6.7067099356348514 0.0012507610466738761 4.1997800398113432
74 -6.241681888163388 0.28935513705006377 4.1757573068485954
75 -5.6145426887324845 0.45440722041244896 4.1878963711625676
76 -5.6062372436406314 0.45335745018480322 4.1867110863245758
77 -5.4237472192358256 0.28500070247785869 4.2923200657207339
78 -5.9333124594009643 -0.42340716517062038 4.2870740615877319
79 -6.2296223142514897 -1.0570742256060868 4.4865603571615162
80 -6.5135248785554651 -1.8978589077442329 4.6488289942252221
81 -6.7147742113039701 -2.7168041024369138 4.7276640301419972
82 -6.8825740721996453 -3.6718861821742905 4.7403363091903259
83 -6.858730647717759 -4.4828118349377455 4.877461564419928
84 -6.7734660754588276 -5.2350137479154517 4.9497613329107271
85 -6.6060760419732087 -6.0382441028290472 4.9950428972596743
86 -6.4512642239197273 -6.7723566402947357 4.9834934904579491
87 -6.247807684408075 -7.5563687402010693 5.0307714882942367
88 -6.0244241839946255 -8.2612680919905834 5.1029197608799661
89 -5.7439006031203839 -8.9998658340601487 5.0725865356741906
90 -5.5162676302203213 -9.7122194230843384 5.0391180513464171
91 -5.2763017388297406 -10.482178684866415 5.0057008227026474
92 -5.0976483426575534 -11.116293715895917 4.9146401048191093
93 -5.0978688397651215 -11.115937623092492 4.9141678495204655
94 -5.012411911255823 -11.896095878773902 4.7182619244120705
95 -5.0632050788524587 -12.651356660872054 4.5584114467676198
96 -5.21830492064651 -13.359525011563692 4.4518304263576995
97 -5.7195901154220135 -14.371235717073947 4.4532802515802459
98 -5.7200439632540636 -14.371816653041813 4.4535895715067149
99 -7.0639485819410393 -14.885307804344826 4.067631626745456
