0 3.5328094920911214e-08 8.5419328748479252e-08 -0.0024404381079686762
1 0.00097738316832188016 -1.1719351257503379e-05 -0.18164756799067019
2 0.0057494814681100289 -0.0012065925804282207 -0.46284357020659178
3 0.025391847632297002 -0.021275905764112712 -1.3068058478501461
4 -0.009293905096255382 -0.097000013204179419 -3.1223030511661798
5 0.057967750996241102 -0.077984407085049959 -3.2314694989833255
6 0.062404925456545982 -0.0654978856445846 -3.2378089466370983
7 0.092870181185053274 -0.04615882541361134 -3.3681280391869071
8 0.025375435768039328 -0.0073666086987308746 -3.4727696011960982
9 -0.13054470602915783 0.063897165879855666 -3.4437392166269158
10 -0.12407120184908731 0.081947958830935946 -3.441067708707076
11 -0.28464388373751687 0.12376439366339112 -3.2191789884577302
12 0.021496715752523623 0.13606974335260597 -3.3452469463639107
13 0.14312300894047983 0.11378924436442125 -3.2294760897540979
14 0.56504042431288526 0.11910959162537692 -3.3751534724447412
15 0.88909489820437093 0.11869868590711921 -3.6416674186498788
16 0.45991096772857132 0.32268118285897052 -3.3762415150138021
17 1.0008349246219577 0.18026579995581049 -3.1850502075153311
18 1.9976724341216554 0.17127000322783073 -3.2118204575748441
19 2.1100152132630927 0.17456147606401029 -3.180371079310099
20 2.4965378700439489 0.25979841000074005 -3.5263199010373825
21 1.8332539392221312 0.43120856334917906 -3.1370908171220768
22 2.5964587096080431 0.4255378032015002 -3.0347311015709821
23 3.5382707677232292 0.52308746874133949 -2.9657574578455268
24 4.6851215593900628 0.83709189228191083 -3.290393478068415
25 4.6971522260718581 1.0323843602237059 -3.9354462198671323
26 3.9684310283818869 1.8860253301802965 -4.1763108912859481
27 3.1845577591568146 3.0291253268211906 -3.931437126632205
28 2.1315821390542187 3.6629428999569233 -3.0859098536389231
29 1.501524781426228 2.9338714995515547 -0.94218991733597035
30 2.7151079753931682 2.8237325225379797 1.5221490788590366
31 2.002757301266703 3.6147368837276739 3.7590869096035422
32 0.65462367722794657 2.7928523678343566 3.7558049102377637
33 0.65085985362805088 2.794322083081366 3.756915608517529
34 0.22185719628431538 2.4686319536177712 3.7318221500280226
35 0.22175146257885109 2.471039649163814 3.7324929575102903
36 -0.073594071184941323 2.2264183086294285 3.8982648338416288
37 -1.246080735718293 1.24653524049126 3.9624717006327694
38 -3.2022182056145954 -0.41053636646285108 3.9213783037039454
39 -4.1308066583788774 -0.91379278569591205 3.2372584756039258
40 -6.5182285730139258 -1.4982536697312665 3.7272648985674222
41 -8.9789440587194456 -2.7881245653681672 3.8017703308799202
42 -9.0027191589755553 -2.7598086309964613 3.8142533110397308
43 -9.007519194138883 -2.8242279109095412 3.8825316237266132
44 -7.5964341605229544 -1.9277723171927752 3.991776485960346
45 -6.5341642032158127 -1.0624801918633124 4.0177447449805141
46 -7.3704135548145064 -1.8624507650995814 4.0387507935563205
47 -7.1320936148228977 -1.5430316420593815 3.6186019768159556
48 -7.9179782347035346 -2.0273109626594779 4.1606000125741129
49 -7.2993540080062314 -1.3097165086862679 4.0794008536697053
50 -7.1120436643130533 -1.0734199639958124 3.7937346674152201
51 -7.5583948823239284 -1.4131481181926877 4.169317084085737
52 -7.6247141335268758 -1.4840748822425358 4.1768415856829577
53 -7.6169773325376617 -1.4560196914644297 4.1589663356859852
54 -7.5977734466243927 -1.3824742386507125 3.9950238782517262
55 -7.8956409541257813 -1.6134299225973991 4.1294996104313357
56 -7.8948668514636102 -1.5760476884629329 4.1778748594827064
57 -7.79275220619345 -1.4204847289197946 4.1806466442066235
58 -7.7054334154444728 -1.2836951049584351 4.1818986789035133
59 -7.6648488830805128 -1.1879013789543755 4.2061557499799989
60 -7.6567461741207632 -1.1195608223929039 4.2255825210391205
61 -7.6743295399921223 -1.0859315370918208 4.2306044386104249
62 -7.6846638674165932 -1.0555019185329337 4.231156114703678
63 -7.6985056147844606 -1.0286447105495782 4.2316053394890982
64 -7.707476955644859 -1.0057416742143683 4.2346369706924492
65 -7.6970599318818547 -0.97085841565162401 4.2393137372227967
66 -7.5935197312930178 -0.83752309338602515 4.2624472581134381
67 -7.5191682764936427 -0.73509011566715343 4.2852704541936077
68 -7.3001013755462365 -0.45298933038726585 4.145171092410326
69 -7.2397062440097431 -0.40214187638866927 4.1379658279352789
70 -7.4974019626029911 -0.68957242602877356 4.0923818171015789
71 -7.8168335510710598 -1.0738940814620657 4.2547527545669208
72 -7.772190140365292 -1.1189496015001743 4.2542983443047655
73 -6.7193072723939302 -0.0022188520692678626 4.2018249492779365
74 -6.2550155047363818 0.28772160239095124 4.1775513235059059
75 -5.6277566161369643 0.45534676076967706 4.1896414472512795
76 -5.6193431169755694 0.45454859802109659 4.1884533142872922
77 -5.4359472300979261 0.28766038263871119 4.2936889791125052
78 -5.9448157075849997 -0.4221053584989658 4.2888176952082944
79 -6.2398559485452214 -1.0562381530055385 4.4876907235145573
80 -6.5224279161150953 -1.8972756664867108 4.6496548356345055
81 -6.7218717298427597 -2.7162337114736603 4.7287146578246073
82 -6.8877981797589634 -3.6711765420395324 4.742114974649783
83 -6.8625435037320921 -4.4818496154390068 4.8789708244658971
84 -6.7757150570187079 -5.2334546388244352 4.9515450627333282
85 -6.606868728416071 -6.0359926568369149 4.9965638728485633
86 -6.450544419912859 -6.7695112325535058 4.9852888815910053
87 -6.2456710666890061 -7.5529545955311734 5.0325791216083271
88 -6.0209589275139486 -8.2570533843439726 5.1047289056075371
89 -5.7389513862915003 -8.9947825205291529 5.0743889089010192
90 -5.5103630718605299 -9.7064688652053981 5.0409183612377548
91 -5.2688909395024215 -10.47578251323023 5.0075411603673796
92 -5.0888483030270812 -11.109387898469361 4.9164747003821336
93 -5.0894699782456474 -11.109090989896293 4.9159954584509151
94 -5.0022040916168091 -11.888823036618264 4.7208051240910383
95 -5.0510004299946836 -12.644311495016542 4.5608333391840068
96 -5.2044302128539286 -13.352350255210563 4.4534816383818221
97 -5.7027297525063325 -14.363857261966146 4.4542867605343677
98 -5.7033781161084534 -14.364526651729005 4.454591977124533
99 -7.0454954263850347 -14.880875088144688 4.0692465295848121
