delta 1.0
u 9900 1.046278016837617 0.003488
x 9900 39.93783649674682 19.333784507012982 3.7407413923061896
z 9900 553 7.857728509493058 1.8877211839751789
z 9900 1462 3.6137671736983834 -2.3827990010783475
z 9900 1695 8.002123997845821 -1.2560907007424722
u 9901 1.0154188353496185 0.015396
x 9901 39.096918055695305 18.764652518858664 3.7561373923061896
u 9902 0.9901660401343637 0.026343
x 9902 38.2693566985077 18.22104025744543 3.7824803923061894
u 9903 0.9630980641281678 -0.003372
x 9903 37.51157210745278 17.626633396956144 3.7791083923061892
u 9904 0.9852635244639966 0.00544
x 9904 36.727669476248224 17.029776225224435 3.7845483923061893
u 9905 0.9916278763481438 -0.014558
x 9905 35.92936455302331 16.44154350934162 3.7699903923061893
z 9905 553 3.5111318638011872 2.338580011548574
z 9905 1462 7.879635642166458 -1.8815532235133883
z 9905 559 7.782631003073447 2.8271665794065566
z 9905 547 7.981356352149677 1.2563043676672747
u 9906 1.1452315342836128 1.57037
x 9906 36.55675471738934 15.623245233788772 5.34036039230619
u 9907 0.9953311386448972 0.004659
x 9907 37.13866024401133 14.815737808659573 5.34501939230619
u 9908 0.9952014831250586 0.019166
x 9908 37.760218078116125 14.038523852901605 5.36418539230619
u 9909 1.0053496004426454 0.004042
x 9909 38.36399895604616 13.234673683733845 5.36822739230619
u 9910 0.9623631944660749 -0.000431
x 9910 38.967694020209755 12.485210426976375 5.36779639230619
z 9910 553 7.835024617095979 -1.8993497444474943
z 9910 536 7.925997656730666 1.882147401341047
z 9910 547 7.971129598657897 -2.8234609538889
u 9911 1.0257488892466922 1.56576
x 9911 39.68498689383686 13.067887631272004 0.6503710851266042
u 9912 1.0379047174755973 -0.017679
x 9912 40.51195722151206 13.695054453166916 0.6326920851266042
u 9913 1.0019245893806028 -0.011712
x 9913 41.323563431581704 14.282537872235398 0.6209800851266043
u 9914 1.0242221335898616 -0.002068
x 9914 42.14851210015206 14.8895718904749 0.6189120851266043
u 9915 0.9946796429710846 -0.013777
x 9915 42.97138509216542 15.44836700674649 0.6051350851266043
z 9915 1462 7.982811289796346 0.32063147041353157
z 9915 1695 7.921019794982209 1.2669037047563783
z 9915 1689 7.949252040613632 1.9159472995468336
u 9916 0.9875034813976804 0.015169
x 9916 43.79319318207538 15.995884943108893 0.6203040851266043
u 9917 1.0041826566420604 7.3e-05
x 9917 44.61772033937645 16.569067090710348 0.6203770851266043
u 9918 1.0494781196372753 0.008868
x 9918 45.490672756885154 17.151605658001564 0.6292450851266043
u 9919 0.9766526145390757 -0.015725
x 9919 46.29098652800859 17.711363232376566 0.6135200851266043
u 9920 0.9722040234946743 0.001977
x 9920 47.1004493706985 18.249833530302435 0.6154970851266043
z 9920 1429 7.94127284923519 1.248165732804636
z 9920 1462 7.900361938145619 -0.28610737237809813
z 9920 1695 3.5152718188214123 0.7930380211914412
z 9920 1689 3.5533569097967064 2.388274302187533
u 9921 0.9849201129355276 0.010607
x 9921 47.89887831512862 18.826522141710882 0.6261040851266043
u 9922 0.9977937046112539 -0.001822
x 9922 48.694849130753866 19.428205166412322 0.6242820851266043
u 9923 0.9799768638581512 -0.011595
x 9923 49.4866566428079 20.005599969042894 0.6126870851266043
u 9924 0.9957906183591568 -0.015138
x 9924 50.2918751812173 20.591435376817834 0.5975490851266043
u 9925 0.9963476873274707 0.003433
x 9925 51.11953825208036 21.146125903336472 0.6009820851266043
z 9925 1429 3.5912477793936746 0.8342993600260467
z 9925 1695 3.472708594281991 -0.8392200815096343
z 9925 1417 8.05145056610298 1.8950888185590813
z 9925 1689 3.5193615432916237 -2.3757210444068613
u 9926 1.008270400249226 0.002569
x 9926 51.950858282926255 21.71666568916949 0.6035510851266044
u 9927 1.0067495797270083 -0.004535
x 9927 52.784032151237504 22.281788936239778 0.5990160851266044
u 9928 1.0105492649437484 -0.005806
x 9928 53.60634745233999 22.869159767773596 0.5932100851266044
u 9929 0.9832147514308969 -0.006708
x 9929 54.42266011281914 23.417193765652794 0.5865020851266044
u 9930 1.0180663810101707 -0.005963
x 9930 55.26469202957231 23.989416044290195 0.5805390851266043
z 9930 1429 3.52364141560971 -0.8402018436768053
z 9930 1423 7.835194900198719 1.245545350200056
z 9930 1695 7.873192379441773 -1.2481328189514638
z 9930 1417 3.5548170768268794 2.375122391787822
z 9930 1689 8.008132651973243 -1.9142411007536866
u 9931 1.0051589673520849 0.009067
x 9931 56.082284735492074 24.574120922968998 0.5896060851266044
u 9932 1.0004716597727383 0.007536
x 9932 56.911429225354865 25.133994319259774 0.5971420851266044
u 9933 1.0243666533483584 -0.003992
x 9933 57.77256821947345 25.68876028774508 0.5931500851266044
u 9934 1.0077672547084615 0.005468
x 9934 58.612923142086125 26.244993973586418 0.5986180851266044
u 9935 0.9714527706753789 0.010698
x 9935 59.41104249437741 26.798814327736693 0.6093160851266044
z 9935 1429 7.930366006061764 -1.2548967463401812
z 9935 1423 3.72849827658536 0.7563606842248033
z 9935 1417 3.6893604656227343 -2.337075133453007
z 9935 1430 7.7085488641248165 0.3184613246796234
u 9936 1.1373603675282689 -1.57887
x 9936 59.990903528052975 25.956206730829507 5.31363139230619
u 9937 0.9896699452632068 -0.005025
x 9937 60.55765835787456 25.144890822897885 5.30860639230619
u 9938 1.016220285396506 0.003
x 9938 61.14715351101526 24.317123731049204 5.3116063923061905
u 9939 0.9933123830205173 0.023263
x 9939 61.71155228856694 23.49976272459724 5.3348693923061905
u 9940 1.0266653119105238 -0.002145
x 9940 62.30561667861664 22.662428407244917 5.332724392306191
z 9940 1406 8.029194528033308 1.2515947557499216
z 9940 1423 7.881157619601323 -1.2660634080562208
z 9940 1417 3.526418119083442 -2.3748556852688245
u 9941 1.1186447815985723 1.5569
x 9941 63.14157813195393 23.227519330769795 0.6064390851266044
u 9942 0.9630094680177892 0.010794
x 9942 63.90961980927734 23.80845840952956 0.6172330851266044
u 9943 1.0290247896890055 -0.022568
x 9943 64.74396110458932 24.410722204773908 0.5946650851266043
u 9944 0.9656213105320902 -0.002681
x 9944 65.54370618336716 24.951861526779453 0.5919840851266043
u 9945 1.0276580152541068 -0.002549
x 9945 66.40302045582766 25.515474342147137 0.5894350851266043
z 9945 1406 8.043349099597753 -2.8203414052341493
z 9945 1423 7.9219282720875475 -0.32581382179457063
z 9945 1417 7.972305390368585 -1.2555498173181041
u 9946 1.0284326184139272 -0.002306
x 9946 67.26852475528275 26.07097005729599 0.5871290851266042
u 9947 1.009136739518308 -0.001892
x 9947 68.13651362026032 26.585704926465503 0.5852370851266042
u 9948 0.9767656362774256 -0.001701
x 9948 68.93212067982209 27.152344392921442 0.5835360851266043
u 9949 1.021344682564388 0.008904
x 9949 69.77150321653971 27.734216394187616 0.5924400851266043
u 9950 1.0373424211070117 0.016926
x 9950 70.63189463513426 28.31368185064975 0.6093660851266043
z 9950 1071 7.90766405138711 2.835096489928651
u 9951 1.096726682883133 1.58889
x 9951 70.08365509237568 29.131945660479975 2.198256085126604
u 9952 0.9846113165590107 -0.003473
x 9952 69.48516425460201 29.913781440775924 2.194783085126604
u 9953 1.022573066009272 -0.000649
x 9953 68.87439123764388 30.733910674726804 2.194134085126604
u 9954 1.0146026783071878 0.004554
x 9954 68.28056764284689 31.556583364200808 2.198688085126604
u 9955 1.0122401633136393 -0.001711
x 9955 67.68570761336238 32.375589739986545 2.1969770851266044
z 9955 1088 7.932242180316988 2.809306084492195
z 9955 1423 7.701790669253482 0.3219681670590855
z 9955 1101 7.896753066583758 1.2621553740111529
u 9956 1.021109652600465 0.001151
x 9956 67.09625566893826 33.20938300737278 2.1981280851266045
u 9957 0.9886071194035831 0.010565
x 9957 66.54649547269717 34.031026891505654 2.2086930851266047
u 9958 0.9485199919892843 -0.003344
x 9958 65.96966888706773 34.783994637779074 2.205349085126605
u 9959 1.003443585558183 0.008837
x 9959 65.37545808200186 35.59257734594625 2.214186085126605
u 9960 1.0022363374151508 -0.006039
x 9960 64.78336452085009 36.40121808085058 2.208147085126605
z 9960 1094 7.778466983390751 2.8164397381810393
z 9960 1088 7.816187763622366 -2.7930419019683876
z 9960 1423 7.97379652256063 -0.3257195744018839
z 9960 1108 7.721037831289263 1.264042198618529
z 9960 1430 7.861938684891914 0.33579836396154134
z 9960 1101 3.620270085463238 0.7939004928677744
z 9960 1095 7.909470859526571 2.838880954672002
z 9960 1102 7.907156279200507 1.913007324901008
u 9961 1.119115677038682 -1.57176
x 9961 65.57545920057889 37.02370662502575 0.6363870851266051
u 9962 1.016015153821821 0.000994
x 9962 66.37294837604787 37.65322844578402 0.6373810851266052
u 9963 0.9868515559219033 -0.001348
x 9963 67.18709797706802 38.210934706386084 0.6360330851266052
u 9964 0.990830595362215 0.003158
x 9964 67.98163827493877 38.802923023717135 0.6391910851266052
u 9965 1.006479488432001 0.00111
x 9965 68.78567011037121 39.40834326143318 0.6403010851266052
z 9965 1094 3.412488810384585 0.7690111479105098
z 9965 1088 3.533308957280696 2.3753156877911183
z 9965 1101 7.883961951328786 -1.2228146651514327
z 9965 1095 3.498379186666306 0.7762883037353061
z 9965 1102 8.006121629315908 -0.32929005112693804
u 9966 0.9875587830709586 0.008183
x 9966 69.5777467838304 39.99815802155184 0.6484840851266053
u 9967 1.0355291850736517 0.005567
x 9967 70.42278949910099 40.596673462546576 0.6540510851266053
u 9968 1.0183123534234513 0.007733
x 9968 71.24145438662279 41.20226629905301 0.6617840851266052
u 9969 0.9915044621714276 0.012987
x 9969 72.02500864300596 41.80981054312485 0.6747710851266052
u 9970 1.013224386252175 0.00139
x 9970 72.80096894994307 42.461354166882366 0.6761610851266052
z 9970 1094 3.5864944952000135 -0.8481375924342258
z 9970 1087 7.90901177929329 2.8303898684797715
z 9970 1088 3.5778336314731014 -2.3396694376249365
z 9970 1095 3.424987945978788 -0.7349004576302601
u 9971 0.9813142904011213 -0.010832
x 9971 73.57865851735785 43.059824932770894 0.6653290851266053
u 9972 0.9887684051790773 0.008324
x 9972 74.36682154138096 43.65686459774363 0.6736530851266053
u 9973 1.012238674598936 -0.012089
x 9973 75.1709957249446 44.27161539141432 0.6615640851266053
u 9974 1.0248251069041368 -0.019109
x 9974 75.97688304740612 44.904687397233424 0.6424550851266052
u 9975 0.9892205388812371 -0.007481
x 9975 76.78827199705259 45.470550174917726 0.6349740851266052
z 9975 1094 7.885446158011606 -1.247249571020133
z 9975 1087 7.847764210939316 -2.802435679000965
z 9975 1088 7.8030461780127895 -1.8848095429632952
z 9975 1095 7.808697721240079 -1.2488752806019388
z 9975 1130 8.126524032309263 1.254999113766933
u 9976 0.976932377184225 -0.016067
x 9976 77.54736317770323 46.08549482111234 0.6189070851266052
u 9977 1.0140568841653141 0.004359
x 9977 78.3610048480953 46.69071954655785 0.6232660851266052
u 9978 0.9837520869539546 -0.004814
x 9978 79.1614494726119 47.262606513274584 0.6184520851266052
u 9979 0.998261429049496 -0.007847
x 9979 79.98104508545075 47.83250457319085 0.6106050851266052
u 9980 1.0281848558707631 0.009246
x 9980 80.81881758266753 48.428569846032794 0.6198510851266051
z 9980 1130 3.427465849224468 0.792094906322205
z 9980 1136 7.9396154642715535 1.2695906709672862
u 9981 1.0290581793294824 -0.012716
x 9981 81.65921487492177 49.022437557305885 0.6071350851266052
u 9982 0.983277477288861 -0.000973
x 9982 82.46070999227612 49.592033991567135 0.6061620851266052
u 9983 0.9986832947969732 0.000194
x 9983 83.270175550684 50.17695606324114 0.6063560851266052
u 9984 0.9764592970889271 0.009121
x 9984 84.06926973798309 50.738128611175206 0.6154770851266053
u 9985 0.9930895264520013 0.008237
x 9985 84.8808124967904 51.31050923807346 0.6237140851266053
z 9985 1129 8.031627466142837 0.33788583954182977
z 9985 1130 3.5732158800162073 -0.8340946020728834
z 9985 1136 3.411477921209516 0.7942343203486231
u 9986 0.9825160009539153 -0.001116
x 9986 85.67995923619286 51.88208782483334 0.6225980851266053
u 9987 1.0082291039491407 0.00771
x 9987 86.49219617757278 52.47940854402764 0.6303080851266053
u 9988 1.0163950407865323 0.008612
x 9988 87.32667118697256 53.0596705131168 0.6389200851266053
u 9989 0.968763398428497 0.015596
x 9989 88.11013345917215 53.62946904528134 0.6545160851266053
u 9990 0.9873706452065697 0.002169
x 9990 88.90799776521963 54.21111580917191 0.6566850851266053
z 9990 1129 7.910174832789728 -0.33298722242451445
z 9990 1130 7.909443531911711 -1.248320116486588
z 9990 1136 3.5243036634915557 -0.8135011166772858
u 9991 1.0917371691831397 1.5651
x 9991 88.31797562370649 54.998189799089786 2.221785085126605
u 9992 1.0349705903043092 -0.002721
x 9992 87.69021567680143 55.821039062905925 2.219064085126605
u 9993 0.9917985360441129 -0.000818
x 9993 87.10103104259119 56.61886470053645 2.2182460851266046
u 9994 0.9999147182802657 -0.011197
x 9994 86.50305015139246 57.42026213732183 2.2070490851266045
u 9995 0.9698152117403991 0.023445
x 9995 85.92679139032563 58.2002777165712 2.2304940851266046
z 9995 1129 3.329651904704154 0.822317985164748
z 9995 1130 7.94391257168028 -0.32539972140177764
z 9995 1136 3.511378274709234 -0.7669087932670517
u 9996 0.9845535390934129 -0.008268
x 9996 85.33638286126578 58.988159635479334 2.2222260851266045
u 9997 0.9873166859269147 0.008125
x 9997 84.72641987150513 59.76451910557437 2.2303510851266046
u 9998 1.0066066149816602 0.000874
x 9998 84.12807637924053 60.57398922737604 2.2312250851266047
u 9999 1.0322184905520584 -0.000384
x 9999 83.52719606085395 61.41328526699475 2.2308410851266047
