delta 1.0
u 0 0.0 0.0
x 0 0.0 0.0 0.0
u 1 1.587356637211678 -3.13485
x 1 -1.01267 -0.009047 3.148335307179586
u 2 1.0150920039471376 -0.007217
x 2 -2.026688715638149 -0.05566618485515663 3.1411183071795863
u 3 1.0020814419579342 -0.002254
x 3 -3.0285488137082064 -0.07671695850018848 3.138864307179586
u 4 1.0226378413708237 0.007834
x 4 -4.051121849482124 -0.06543898651430179 3.146698307179586
u 5 1.0170812416506594 0.004881
x 5 -5.068185085474709 -0.07131881315222574 3.151579307179586
z 5 6 3.6897048370432017 -0.7825867541917715
z 5 7 3.735248509456901 -2.313743012118565
z 5 8 7.91817184098072 -0.3289444622783683
z 5 9 7.728550001093349 -1.892258826704833
u 6 1.0075285339300928 0.006539
x 6 -6.07569164447706 -0.07769558288627545 3.158118307179586
u 7 0.9757720658230172 0.015427
x 7 -7.051274906924499 -0.09639155297106959 3.173545307179586
u 8 1.0170774728971899 0.010614
x 8 -8.06649041753002 -0.1578272223087776 3.184159307179586
u 9 1.0225392214130042 0.017829
x 9 -9.087632948932066 -0.21099387714824988 3.201988307179586
u 10 1.0255563667245378 -0.011125
x 10 -10.111223347640633 -0.2743792803625193 3.190863307179586
z 10 6 7.810473206976643 -1.255986627294865
z 10 15 7.785143195760756 0.32769117509465634
z 10 16 7.927326074396082 1.8786340999207873
z 10 7 8.008489009345022 -1.8959411533109496
u 11 1.0248055647876422 0.008885
x 11 -11.134012807209166 -0.3385763053053475 3.199748307179586
u 12 1.0156296721241271 -0.018686
x 12 -12.146406722969457 -0.4193981878344189 3.1810623071795856
u 13 1.009813353018125 -0.003467
x 13 -13.15533563337183 -0.46164082338523005 3.1775953071795855
u 14 0.9829537545656082 -0.006951
x 14 -14.137183662222816 -0.508209499493037 3.1706443071795856
u 15 1.0007111806932598 -0.005277
x 15 -15.137477144434275 -0.5370797739855746 3.1653673071795856
z 15 22 7.836044605411584 2.8355289386878755
z 15 15 7.855524714670561 -0.3258654791967527
z 15 16 3.3613808713235693 2.355775869812945
u 16 1.0150127757618077 0.008446
x 16 -16.151589059509497 -0.5797627245802283 3.1738133071795858
u 17 1.0059419508288232 0.008763
x 17 -17.157373454167374 -0.5973832938867951 3.182576307179586
u 18 1.021954940744401 0.016118
x 18 -18.178803358639527 -0.6297907181905625 3.198694307179586
u 19 0.9768740384975665 0.002907
x 19 -19.153083421044315 -0.7009284371976021 3.201601307179586
u 20 0.9880639285665944 -0.012369
x 20 -20.139587825565926 -0.7563083979095678 3.189232307179586
z 20 22 7.874942131203251 -2.8246978062057244
z 20 16 3.4730955315395518 -2.343774842602911
z 20 28 7.8897109114593045 1.2347860607250623
u 21 1.0211410862102703 -0.003425
x 21 -21.159517141712946 -0.8060305125958128 3.185807307179586
u 22 1.0106713949056507 -0.006522
x 22 -22.16828095373347 -0.8680677536597641 3.179285307179586
u 23 1.0209322152096167 0.009612
x 23 -23.188320817447966 -0.910649904877212 3.188897307179586
u 24 0.9949414070520439 -0.003557
x 24 -24.18274463710603 -0.9427221148052151 3.1853403071795863
u 25 1.0272384967466244 -0.002683
x 25 -25.20863901378253 -0.9952485281944042 3.182657307179586
z 25 16 7.929481089787654 -1.8941169577352912
z 25 28 3.4382315841141358 0.8032380599323702
z 25 34 8.052840252047721 2.806352755241047
u 26 0.9786667086442424 -0.004821
x 26 -26.186300971314324 -1.0395629538941469 3.177836307179586
u 27 0.9891557939055058 -0.012731
x 27 -27.17500895621721 -1.0691008971921798 3.165105307179586
u 28 1.001364891604724 0.000272
x 28 -28.176275559043248 -1.0550712848953412 3.1653773071795857
u 29 0.9950365711809132 0.000627
x 29 -29.170672372442276 -1.0907465291671823 3.166004307179586
u 30 0.9896072101196658 -0.001708
x 30 -30.16019457768661 -1.077785141495098 3.164296307179586
z 30 40 7.8618471222289745 1.8960611795947124
z 30 28 3.468290037021126 -0.7577631097683376
z 30 34 8.034412844670106 -2.8280902989485117
u 31 0.9688108295018184 0.006463
x 31 -31.128154192892687 -1.1183479270885808 3.170759307179586
u 32 1.006714965236792 -0.008121
x 32 -32.13478951168589 -1.1307892396442005 3.162638307179586
u 33 0.9991863682436063 0.000684
x 33 -33.13390835925553 -1.142403368587353 3.163322307179586
u 34 0.9779256987490907 0.006834
x 34 -34.11106183383205 -1.1812110658653967 3.170156307179586
u 35 1.019788919579509 -0.001693
x 35 -35.130304872702446 -1.2145700198395109 3.1684633071795862
z 35 40 3.6673565456470145 2.392167288905175
z 35 28 7.797384151784494 -1.2628923098367124
u 36 1.1261416228081642 -1.57121
x 36 -35.12456726426948 -0.20075988543293954 1.5972533071795862
u 37 1.0257677261397635 -0.004922
x 37 -35.16148512727941 0.8243422437033625 1.5923313071795862
u 38 0.9950453298056069 0.000798
x 38 -35.15650933053417 1.8193751061118109 1.5931293071795862
u 39 0.9923829728360142 0.004792
x 39 -35.15945697380759 2.8117527517745557 1.5979213071795861
u 40 1.0002614834100418 0.00263
x 40 -35.19565925538145 3.8113586007434614 1.600551307179586
z 40 40 3.5061402264028176 -0.8368080287060972
z 40 51 7.849793866420952 0.3282094692559466
z 40 34 7.918680033976623 2.806845081565762
u 41 0.9704850760360213 -0.005762
x 41 -35.24350378920731 4.780662256768232 1.594789307179586
u 42 1.0050405283437118 -0.009376
x 42 -35.26027077528762 5.785559232579077 1.585413307179586
u 43 0.9983206242131489 0.014222
x 43 -35.29764832753106 6.7831714761668795 1.599635307179586
u 44 1.0134428667094428 -0.004529
x 44 -35.31566378393675 7.796453338153215 1.595106307179586
u 45 1.0019200222182667 0.016678
x 45 -35.34986267195604 8.797777910137366 1.6117843071795859
z 45 40 8.094019039093002 -1.2426985291340615
z 45 57 7.94071683071497 1.8755398000631136
z 45 51 7.901251847713753 -0.30257780705367004
z 45 34 7.937018966539011 -2.8165288213431525
u 46 0.9758834959199714 0.008908
x 46 -35.38912643219964 9.772867986569556 1.6206923071795858
u 47 1.0083525557635684 -0.000556
x 47 -35.4257696831355 10.780554506615276 1.6201363071795858
u 48 1.0137091354329884 -0.006965
x 48 -35.48650777214701 11.79244034089068 1.6131713071795857
u 49 1.0192396719169172 -0.008419
x 49 -35.54573319152079 12.809954823551246 1.6047523071795857
u 50 0.9836248905147758 0.008263
x 50 -35.56807888889027 13.79332306084238 1.6130153071795856
z 50 63 7.818896822448804 0.317602197444668
z 50 57 3.4656794035801988 2.3597405601491754
u 51 1.035643791318061 -0.007597
x 51 -35.62102863580407 14.827609881943163 1.6054183071795856
u 52 1.001633856090302 -0.004236
x 52 -35.67948915947567 15.827535503497607 1.6011823071795857
u 53 0.9954713337403673 0.000875
x 53 -35.687592615026816 16.82297382257224 1.6020573071795856
u 54 0.9906419833644674 -0.007441
x 54 -35.71185250647602 17.813316424297458 1.5946163071795856
u 55 1.002254254081583 0.009261
x 55 -35.775496716857745 18.813544310778276 1.6038773071795855
z 55 63 7.871755569286943 -0.30179396321664176
z 55 57 3.461450531814661 -2.3597122073379704
u 56 1.117040454524332 1.58259
x 56 -36.77857239887235 18.76900526728907 3.1864673071795853
u 57 0.9632956735535712 -0.01654
x 57 -37.741662578542936 18.749647945700556 3.1699273071795853
u 58 1.001647173954645 -0.020972
x 58 -38.74312070878871 18.731157351182063 3.1489553071795853
u 59 1.0152241752730513 0.007623
x 59 -39.75815434961023 18.71161654798444 3.1565783071795854
u 60 0.9961988060153057 0.006076
x 60 -40.75427922076594 18.69960617588264 3.1626543071795856
z 60 63 3.5165369858000926 0.7376656638660855
z 60 57 8.123382567336096 -1.2525886252619867
u 61 1.0203571641383822 0.012981
x 61 -41.77440258198277 18.678101509977928 3.1756353071795855
u 62 1.0217262119829726 -0.000562
x 62 -42.79391561022078 18.610888341409858 3.1750733071795856
u 63 1.0192704848958565 0.000464
x 63 -43.813019030663696 18.5924351253611 3.1755373071795856
u 64 1.0178209530586197 -0.000458
x 64 -44.82956870165114 18.541580029339904 3.1750793071795855
u 65 1.0102633045393863 -0.001512
x 65 -45.83907936992252 18.50259335594666 3.1735673071795856
z 65 63 3.4979596634752665 -0.8155733840293933
z 65 79 7.860716860503246 2.8163759727113438
u 66 1.1324486658525128 1.56584
x 66 -45.82011768349864 17.482518138950894 4.739407307179586
u 67 0.9877510154027008 0.013326
x 67 -45.788626819429965 16.49527654957917 4.752733307179586
u 68 1.0393119363855696 0.002678
x 68 -45.722120660660075 15.45809499054205 4.755411307179586
u 69 1.0010790410271757 -0.001065
x 69 -45.68667839495195 14.45764359369037 4.754346307179587
u 70 1.040404638008736 0.004577
x 70 -45.64837951419304 13.417945023499176 4.758923307179587
z 70 63 3.5172165701446363 -0.8260297939771769
z 70 85 7.728553619332663 1.8837647932085295
z 70 51 7.966576806238675 1.2619511476108236
u 71 1.1307139581046932 -1.58511
x 71 -46.66356768159558 13.377297971861124 3.1738133071795867
u 72 1.0292969673946528 -0.007436
x 72 -47.69282328543475 13.368338771301358 3.1663773071795864
u 73 0.9953876697690931 0.011347
x 73 -48.68738574575882 13.32794700354936 3.1777243071795866
u 74 1.0306272343103804 0.005085
x 74 -49.71753134378853 13.296478699098554 3.1828093071795864
u 75 0.9982794601305266 -0.008384
x 75 -50.71549635996607 13.271541386978727 3.1744253071795865
z 75 63 7.891325902140907 -1.869998393098734
z 75 85 7.765497429688583 -0.3147075999978004
u 76 1.0960824161631149 1.58111
x 76 -50.67289529140264 12.287036249518158 4.755535307179587
u 77 1.0015378838757552 0.006546
x 77 -50.63819273746859 11.286101544475189 4.762081307179587
u 78 1.0130476555901449 -0.012751
x 78 -50.57360574486181 10.27512173850179 4.749330307179587
u 79 1.0155268242924713 0.011059
x 79 -50.54272683519889 9.260069664419367 4.7603893071795875
u 80 1.008575834379182 -0.005749
x 80 -50.48894243100953 8.252930324571103 4.754640307179588
z 80 85 3.608747446774296 0.8273931331338966
z 80 51 7.763719955485257 0.34224969756777107
u 81 0.9910408402091314 0.014131
x 81 -50.42845151178572 7.263745583400143 4.768771307179588
u 82 0.9888231834162124 0.000542
x 82 -50.41508274405725 6.275012788265673 4.769313307179588
u 83 1.034623103825216 0.004135
x 83 -50.34034009968623 5.243093712535203 4.773448307179588
u 84 0.9751837112906386 -0.005
x 84 -50.239551946197466 4.273133384650952 4.768448307179588
u 85 0.99337547163411 0.004041
x 85 -50.178859824720654 3.2816143726301816 4.772489307179588
z 85 85 3.684103992153316 -0.8552615720423163
z 85 51 7.799410949789734 -0.33237883715549127
u 86 0.9761205251459388 0.000117
x 86 -50.105053554985325 2.308288161602884 4.772606307179588
u 87 1.0192486959637 -0.001747
x 87 -50.049856184113466 1.2905352985497585 4.770859307179588
u 88 1.0007334664826741 -0.011601
x 88 -49.97671604405974 0.2924838173240045 4.759258307179588
u 89 0.9687175362485462 0.003042
x 89 -49.892464004998516 -0.6725625729055146 4.762300307179588
u 90 1.0220471722806106 -0.006772
x 90 -49.817373845515505 -1.6918456043961876 4.755528307179588
z 90 85 7.974328704568179 -1.241639998531062
u 91 0.9926500020499691 -0.003213
x 91 -49.76549013716118 -2.68313832589494 4.752315307179589
u 92 1.0200391900105188 0.001884
x 92 -49.738981170058516 -3.7028328468467544 4.754199307179589
u 93 0.9897909962767513 0.000565
x 93 -49.67819171609603 -4.690755329907011 4.754764307179589
u 94 1.007382094075845 0.017265
x 94 -49.62369045161843 -5.696649503153056 4.772029307179589
u 95 1.005396624416559 0.002116
x 95 -49.543439347490455 -6.698837986181694 4.774145307179589
u 96 1.002808552799171 0.014908
x 96 -49.47724729551882 -7.699450289262555 4.789053307179589
u 97 1.0312863659579943 0.003329
x 97 -49.41779860726451 -8.729021287234449 4.792382307179589
u 98 1.009038438651718 0.007022
x 98 -49.32753012379748 -9.734011828444446 4.799404307179589
u 99 0.9736089989927151 -0.005197
x 99 -49.248286097651345 -10.704389452742404 4.794207307179589
