delta 1.0
u 0 0.0 0.0
x 0 0.0 0.0 0.0
u 1 0.000985144000000067 -1.54136e-06
x 1 0.000985143999999677 -7.592584600400929e-10 -1.54136e-06
u 2 0.004926580000018737 -6.57618e-06
x 2 0.0059117239999520845 -2.4551877340303395e-08 -8.117540000000001e-06
u 3 0.026599200004379 -4.12159e-05
x 3 0.03251092399147414 -7.886269421712184e-07 -4.933344e-05
u 4 0.0640488000385206 -8.11689e-05
x 4 0.09655972375348776 -6.547759897257792e-06 -0.00013050234
u 5 0.08819000009469569 -0.000112047
x 5 0.18474972226790243 -2.2997473645569695e-05 -0.00024254934
u 6 0.0 0.0
x 6 0.18474972226790243 -2.2997473645569695e-05 -0.00024254934
u 7 0.13602100021138253 -0.000118978
x 7 0.3207707161946519 -6.408103007246268e-05 -0.00036152734
u 8 0.17697600014782291 -8.91877e-05
x 8 0.49774670168910196 -0.00013595473186477986 -0.00045071504
u 9 0.19183200000187173 -7.73962e-06
x 9 0.6895786818697051 -0.00022315864948247382 -0.00045845466000000003
u 10 0.0 0.0
x 10 0.6895786818697051 -0.00022315864948247382 -0.00045845466000000003
u 11 0.2510390000076042 2.82921e-05
x 11 0.940617657090115 -0.0003346974343890471 -0.00043016256000000003
u 12 0.25352700005480444 5.78624e-05
x 12 1.194144636702327 -0.00043642041478621403 -0.00037230016
u 13 0.31562500000406846 6.09925e-06
x 13 1.50976961518881 -0.0005529651106370424 -0.00036620091
u 14 0.30871400000084476 -3.57749e-06
x 14 1.8184835942870214 -0.0006665686645100924 -0.0003697784
u 15 0.38324500028030517 8.1693e-05
x 15 2.201728573727931 -0.0007926301681923544 -0.0002880854
u 16 0.374448001218935 0.00018594
x 16 2.576176567279826 -0.00086569073917044 -0.00010214540000000002
u 17 0.44606500461702053 0.000330129
x 17 3.0222415689882998 -0.0008376247306608316 0.0002279836
u 18 0.41945600427629476 0.000357778
x 18 3.4416975363079194 -0.0006669595813068236 0.0005857616
u 19 0.4989300119596265 0.000458205
x 19 3.940627378257283 -0.00026039947472181234 0.0010439666
u 20 0.46837600998197865 0.000485901
x 20 4.409002995779893 0.0003423614494285121 0.0015298675999999998
u 21 0.5548680297007924 0.000735806
x 21 4.963870013776039 0.0013953730272497772 0.0022656736
u 22 0.5811330406542216 0.000902968
x 22 5.545000889452078 0.002974401088686172 0.0031686416
u 23 0.5391530361011418 0.000822831
x 23 6.084150455236558 0.004904595565912821 0.0039914726000000005
u 24 0.6295540654837378 0.00102385
x 24 6.713698109369861 0.0077397181266333475 0.0050153226
u 25 0.5832010567016517 0.00102846
x 25 7.296890224427993 0.010964542470194287 0.0060437826
u 26 0.6758360694042057 0.000925386
x 26 7.972711964270782 0.015361822182447013 0.006969168600000001
u 27 0.6208020159363549 0.000539058
x 27 8.593497708139276 0.01985558094605608 0.007508226600000001
u 28 0.7207110589697069 0.000922905
x 28 9.31418585338878 0.025599355802189975 0.0084311316
u 29 0.6524680332038654 0.000675604
x 29 9.966628788842419 0.0313207312285559 0.0091067356
u 30 0.7511030256132588 0.000680928
x 30 10.717698282379944 0.03841644574528383 0.009787663600000001
u 31 0.6795480841886792 0.0012675
x 31 11.397209419963696 0.045498168729907 0.011055163600000001
u 32 0.770436446137923 0.00275975
x 32 12.167586056030782 0.05507832573482934 0.013814913600000001
u 33 0.0 0.0
x 33 12.167586056030782 0.05507832573482934 0.013814913600000001
u 34 0.7753392021191127 0.00402048
x 34 12.94282765181706 0.06734766730854949 0.0178353936
u 35 0.0 0.0
x 35 12.94282765181706 0.06734766730854949 0.0178353936
u 36 0.6793538532727204 0.00360812
x 36 13.622050124709371 0.08068894087236035 0.0214435136
u 37 0.7543512946431896 0.00430704
x 37 14.376190827248774 0.09848772806546877 0.025750553599999997
u 38 0.6581303638430805 0.00488249
x 38 15.03405902136033 0.11703913070548913 0.030633043599999996
u 39 0.7174723915379603 0.00574737
x 39 15.751127710207502 0.14107475226124916 0.036380413599999994
u 40 0.6187034131044338 0.00491647
x 40 16.36936392062642 0.1650982917653831 0.041296883599999994
u 41 0.6638558786833348 0.0052789
x 41 17.032578378147413 0.19425626803389412 0.0465757836
u 42 0.0 0.0
x 42 17.032578378147413 0.19425626803389412 0.0465757836
u 43 0.5546047674121486 0.00363435
x 43 17.586533558939987 0.221084744444887 0.0502101336
u 44 0.5825774816440847 0.00280457
x 44 18.168335075032502 0.25113961972001264 0.0530147036
u 45 0.48186019027552834 0.00200639
x 45 18.649492337567658 0.2771560335828636 0.055021093599999994
u 46 0.49804018598610317 0.00188205
x 46 19.1467527828262 0.30501286796346455 0.0569031436
u 47 0.4507960873882561 0.00136414
x 47 19.59680160911928 0.33095771028837534 0.0582672836
u 48 0.3671820377001469 0.00100814
x 48 19.96334967720699 0.35252507387154347 0.059275423599999995
u 49 0.377583041183967 0.0010668
x 49 20.340257576526664 0.37509440924352877 0.060342223599999995
u 50 0.3024550205865289 0.000844955
x 50 20.642154375192618 0.39346168968003925 0.061187178599999996
u 51 0.3067930170963173 0.000712821
x 51 20.948366562503512 0.4123309158420101 0.0618999996
u 52 0.2439420051096265 0.000424476
x 52 21.19183816144954 0.4274729589690773 0.0623244756
u 53 0.23747900320795803 0.000355132
x 53 21.428853457916183 0.4423062193238576 0.06267960759999999
u 54 0.182161001096909 0.000244724
x 54 21.610655347159973 0.453738770325665 0.0629243316
u 55 0.17326500080704535 0.000219118
x 55 21.783576247144385 0.4646531064545925 0.0631434496
u 56 0.12686400028778216 0.000160838
x 56 21.910186777702343 0.472668596842254 0.0633042876
u 57 0.1115700002516411 0.000153686
x 57 22.021532755152645 0.47973529602125586 0.0634579736
u 58 0.07898810009939448 0.000109049
x 58 22.100361596182438 0.4847486554765606 0.0635670226
u 59 0.04541200001394607 5.4622e-05
x 59 22.145681798637813 0.48763465515739385 0.0636216446
u 60 0.021226100001428085 2.67271e-05
x 60 22.16686493650314 0.4889844667823591 0.0636483717
u 61 0.0014810800000001748 -2.11939e-06
x 61 22.168343017602748 0.48907866991072146 0.06364625231
u 62 0.0014809300000001165 1.91903e-06
x 62 22.16982094901552 0.48917286335037163 0.06364817134
u 63 1.522143505366327e-07 -2.00281e-07
x 63 22.16982110092166 0.48917287303198154 0.063647971059
u 64 1.5224542484209792e-07 2.00323e-07
x 64 22.16982125285881 0.48917288271556797 0.06364817138199999
u 65 0.005924030000026397 8.07678e-06
x 65 22.175733285998934 0.4895497057391668 0.063656248162
u 66 0.04393430001368307 5.69763e-05
x 66 22.219578522941372 0.4923457591420128 0.06371322446199999
u 67 0.07306220006394235 9.85015e-05
x 67 22.292492250503802 0.49700122977548933 0.063811725962
u 68 0.12341500032764424 0.000165953
x 68 22.415655413479485 0.5048814300737936 0.06397767896199999
u 69 0.14612200063485184 0.000193872
x 69 22.56147756044693 0.5142377357795018 0.06417155096199999
u 70 0.20778400121775742 0.000216459
x 70 22.768832438710977 0.5275848498342897 0.06438800996199999
u 71 0.26344200054360806 0.000125905
x 71 23.031727469097834 0.5445521877696486 0.06451391496199999
u 72 0.28270100062602416 0.000159912
x 72 23.313838908127224 0.5628002439243845 0.06467382696199998
u 73 0.37257100274332966 0.000311929
x 73 23.685627243862672 0.5869370285222747 0.06498575596199999
u 74 0.3781560075607801 0.000523293
x 74 24.062978585321154 0.6115932222784302 0.06550904896199998
u 75 0.47889412215457655 0.0019966
x 75 24.540813889629597 0.6434197207323967 0.06750564896199998
u 76 0.0 0.0
x 76 24.540813889629597 0.6434197207323967 0.06750564896199998
u 77 0.4682945302289129 0.00362435
x 77 25.007983546171598 0.6758548712684613 0.07112999896199998
u 78 0.5677692755939343 0.00473389
x 78 25.574219494969118 0.7175465802165268 0.07586388896199998
u 79 0.5388999858313452 0.00438303
x 79 26.111478220639853 0.7595679021117039 0.08024691896199998
u 80 0.6382297681473205 0.00530295
x 80 26.74751549578051 0.8124154849475507 0.08554986896199998
u 81 0.5831773360041438 0.0048913
x 81 27.32843587652827 0.863666225435097 0.09044116896199998
u 82 0.6739320857645005 0.00555903
x 82 27.999440951023153 0.9263996024740484 0.09600019896199999
u 83 0.6802226825300988 0.00475153
x 83 28.676374110640317 0.9932092178107439 0.10075172896199999
u 84 0.6144378476410548 0.00384559
x 84 29.28757570622213 1.0561855062610992 0.10459731896199999
u 85 0.7012422076208676 0.00385784
x 85 29.984842450545205 1.1307449532276728 0.10845515896199999
u 86 0.629297163778392 0.00133502
x 86 30.610396525535055 1.1992793298989388 0.109790178962
u 87 0.714633040176241 0.000711334
x 87 31.320698929298757 1.2778341246901426 0.11050151296199999
u 88 0.6431460023073015 9.01446e-05
x 88 31.95991913364387 1.3487869989135217 0.11059165756199998
u 89 0.7431630363033701 -0.00133063
x 89 32.698596518062296 1.430315759402727 0.10926102756199998
u 90 0.6670133100038123 -0.00549074
x 90 33.361828742850655 1.5012287621822522 0.10377028756199999
u 91 0.7659698977706922 -0.0128454
x 91 34.12416688755353 1.5756758574579537 0.09092488756199998
u 92 0.6872701447410531 -0.0197046
x 92 34.80916855469492 1.631332708353357 0.07122028756199998
u 93 0.0 0.0
x 93 34.80916855469492 1.631332708353357 0.07122028756199998
u 94 0.7825774474722358 -0.0337796
x 94 35.590554127854794 1.673827587902537 0.03744068756199998
u 95 0.783605886397518 -0.0440727
x 95 36.37400363288718 1.6858970632257528 -0.006632012438000018
u 96 0.6959764894968866 -0.0464676
x 96 37.06960716534086 1.6651161195899031 -0.053099612438000016
u 97 0.7799776724630263 -0.0598094
x 97 37.84678361876008 1.6004585634516242 -0.11290901243800001
u 98 0.0 0.0
x 98 37.84678361876008 1.6004585634516242 -0.11290901243800001
u 99 0.687156720935341 -0.0580292
x 99 38.5269360455335 1.5032754989700434 -0.170938212438
z 4 5 11.5387 -3.2007
z 8 9 15.2622 4.67917
z 11 5 10.7274 -3.194
z 13 5 10.1667 -3.18737
z 14 9 13.9596 4.61284
z 16 9 13.2054 4.59827
z 17 5 8.67204 -3.25379
z 18 5 8.20381 -3.27829
z 18 9 12.343 4.58435
z 19 9 11.8783 4.53767
z 21 9 10.9355 4.46634
z 22 9 10.3293 4.43522
z 23 9 9.75683 4.45598
z 24 5 4.96816 -3.38631
z 28 9 6.58632 4.36256
z 31 32 16.5412 5.78586
z 33 32 15.8653 5.75485
z 33 34 15.5486 -2.3254
z 36 32 14.3994 5.56519
z 37 32 13.6463 5.41915
z 38 34 12.5588 -2.60873
z 40 32 11.686 5.25043
z 40 41 14.462 -9.46114
z 42 41 13.7907 -9.5107
z 43 41 13.167 -9.5663
z 44 34 9.34329 -2.97633
z 45 32 9.47769 5.03215
z 45 34 8.79784 -3.01353
z 46 41 11.4778 -9.71534
z 48 41 10.6184 -9.83176
z 49 32 7.82026 4.90917
z 49 41 10.2084 -9.78755
z 51 32 7.20012 4.79968
z 51 41 9.52746 -9.86869
z 52 32 6.94437 4.7764
z 53 32 6.73674 4.80208
z 55 32 6.36116 4.79577
z 56 32 6.23684 4.75537
z 57 32 6.10722 4.78621
z 60 32 6.01693 4.79711
z 61 32 6.01559 4.79453
z 63 32 6.01847 4.80007
z 64 32 6.01779 4.79875
z 66 32 5.96739 4.79299
z 66 34 5.16104 -3.19376
z 67 32 5.9258 4.80382
z 68 41 8.08456 -9.89213
z 69 41 7.87089 -9.88534
z 71 32 5.21364 4.7847
z 72 32 4.92587 4.77646
z 72 41 7.15596 -9.89013
z 73 41 6.77314 -9.9383
z 74 75 16.2494 -5.58173
z 76 41 5.99199 -9.90657
z 76 75 15.7831 -5.6159
z 77 41 5.43202 -9.93047
z 78 75 14.7057 -5.68146
z 82 75 12.1447 -6.03524
z 84 75 10.8684 -6.22667
z 86 75 9.445 -6.25129
z 87 75 8.71858 -6.29737
z 88 75 7.98953 -6.36933
z 89 75 7.3468 -6.35175
z 90 75 6.60445 -6.31883
z 91 75 5.92296 -6.29661
z 91 92 11.3825 2.75196
z 93 75 5.32819 -6.20596
z 96 97 8.08947 10.4111
z 98 92 6.97513 4.24102
z 99 97 5.37225 11.154
